103260
106208
111830
118251
121415
128804
128863
130866
132789
139402
142206
142472
147097
156863
157987
158225
166010
170944
171719
174801
178684
180752
182707
183207
192953
195202
197793
198781
200111
202161
205565
207863
211421
213982
221551
227291
228060
228488
228774
233079
240216
245601
251011
251398
261226
261583
264021
264820
267364
290183
296528
297649
298791
304428
318465
320233
324055
325404
325974
333953
334549
338559
347079
349355
351923
359061
362161
365126
367388
368954
374954
389052
392338
401632
406644
411320
427184
428916
430716
434745
441600
446166
449141
456513
459061
463104
467338
475141
488772
491766
493673
498300
501398
503477
511268
523554
524389
535337
535341
536342
537727
551816
563543
569943
574123
577719
578322
597166
597583
597658
602017
604794
605735
606428
614275
616754
617839
627615
635082
646498
646909
649237
649828
651810
652240
656018
664072
664846
672964
685589
685611
704851
709886
710072
716999
718199
718890
729654
729771
733464
736146
737904
743858
751180
753947
759187
759371
762140
769321
769682
772340
794447
799750
800720
801565
809677
814524
818418
819559
820679
820786
837481
838503
839400
843190
848993
852132
860990
865833
865842
882860
883295
884061
884446
886274
889216
891979
894472
894493
897282
898908
903975
905381
911200
916207
917270
921758
924629
928138
938060
944248
946102
957277
962517
972567
977487
980050
982725
986871
988900
