0
8
8
12
20
21
26
45
52
54
55
57
58
62
65
67
85
86
88
90
94
99
101
102
107
117
118
121
136
141
149
154
158
164
169
173
176
176
176
179
180
181
197
199
205
210
213
218
222
223
235
247
248
251
257
261
283
283
285
290
291
293
293
302
313
319
322
325
334
336
339
340
341
343
345
350
351
352
359
361
361
365
368
374
381
384
390
390
392
393
395
396
401
403
403
405
408
419
421
447
449
450
459
465
468
477
479
488
493
495
496
508
517
520
523
528
537
540
546
548
548
550
550
553
566
570
575
577
583
592
599
621
621
625
633
634
649
653
658
665
671
680
685
689
690
695
696
699
705
706
725
731
733
740
740
746
749
751
762
769
779
790
792
799
800
803
804
805
806
808
809
812
814
828
835
837
839
842
851
853
878
886
889
898
908
912
915
918
919
933
935
939
941
942
943
954
957
964
982
984
985
988
993
993
999
1024
1033
1039
1043
1058
1059
1060
1062
1070
1080
1081
1088
1093
1105
1113
1123
1130
1133
1142
1143
1149
1153
1153
1157
1157
1159
1164
1167
1168
1168
1178
1185
1187
1189
1190
1200
1203
1223
1237
1241
1250
1253
1258
1259
1266
1277
1294
1297
1299
1301
1301
1304
1307
1319
1326
1326
1329
1334
1337
1348
1349
1352
1366
1382
1385
1386
1386
1393
1397
1404
1409
1410
1410
1414
1416
1418
1422
1430
1433
1443
1447
1458
1461
1464
1491
1493
1505
1514
1516
1516
1518
1522
1525
1536
1539
1540
1543
1545
1546
1549
1553
1556
1560
1562
1586
1601
1613
1615
1621
1627
1630
1643
1651
1654
1665
1676
1680
1688
1689
1690
1693
1698
1700
1716
1721
1724
1741
1743
1745
1759
1762
1765
1767
1769
1769
1772
1773
1773
1780
1781
1784
1788
1806
1812
1816
1823
1827
1829
1830
1843
1844
1846
1847
1852
1855
1867
1869
1875
1883
1885
1890
1892
1896
1899
1906
1913
1920
1930
1934
1934
1938
1938
1943
1947
1948
1949
1951
1958
1962
1962
1970
1977
1986
1986
1987
1990
1994
1995
1997
1997
2000
2006
2007
2026
2030
2031
2032
2041
2050
2051
2054
2059
2065
2068
2070
2072
2075
2075
2077
2077
2078
2079
2080
2084
2084
2096
2101
2104
2104
2105
2107
2111
2117
2118
2125
2130
2132
2152
2156
2161
2161
2161
2170
2170
2172
2175
2175
2180
2193
2201
2202
2205
2207
2208
2210
2224
2229
2232
2234
2236
2252
2254
2254
2269
2273
2282
2285
2295
2295
2307
2313
2318
2333
2335
2335
2337
2342
2352
2361
2364
2368
2374
2374
2384
2390
2396
2396
2400
2401
2404
2405
2412
2420
2438
2441
2448
2449
2450
2455
2466
2468
2476
2476
2480
2483
2485
2490
2505
2508
2511
2520
2527
2527
2528
2535
2542
2547
2559
2559
2560
2561
2567
2580
2587
2596
2596
2598
2612
2612
2615
2625
2630
2634
2634
2643
2648
2651
2654
2656
2665
2669
2676
2691
2694
2697
2698
2702
2710
2715
2718
2736
2753
2758
2760
2762
2764
2765
2777
2782
2788
2794
2799
2800
2802
2808
2816
2831
2836
2850
2850
2867
2889
2890
2891
2894
2897
2900
2901
2903
2906
2912
2913
2918
2923
2937
2941
2950
2955
2955
2955
2963
2968
2973
2975
2982
2983
2997
2998
3000
3002
3009
3011
3020
3026
3026
3028
3036
3037
3040
3049
3056
3064
3065
3066
3066
3067
3069
3073
3078
3078
3078
3086
3097
3097
3106
3111
3112
3113
3119
3121
3128
3131
3136
3150
3150
3157
3160
3175
3191
3196
3196
3197
3199
3202
3204
3207
3207
3214
3219
3219
3221
3223
3223
3224
3231
3239
3239
3241
3246
3269
3278
3288
3289
3293
3296
3303
3306
3311
3316
3321
3322
3334
3335
3336
3349
3353
3353
3354
3354
3368
3377
3384
3391
3408
3419
3426
3433
3434
3437
3438
3442
3443
3445
3445
3445
3448
3459
3459
3462
3464
3467
3468
3476
3482
3482
3496
3502
3504
3512
3512
3519
3521
3528
3529
3539
3539
3541
3544
3549
3561
3561
3563
3564
3572
3573
3587
3594
3598
3601
3603
3604
3608
3609
3614
3629
3634
3635
3636
3638
3642
3643
3652
3653
3656
3662
3663
3663
3679
3681
3706
3707
3708
3715
3723
3725
3730
3744
3748
3754
3765
3798
3803
3806
3812
3816
3817
3817
3823
3824
3826
3828
3834
3837
3839
3850
3851
3853
3864
3871
3876
3901
3910
3913
3923
3924
3928
3938
3942
3946
3947
3947
3962
3965
3967
3969
3987
3991
3996
4004
4011
4011
4016
4029
4036
4038
4040
4053
4056
4059
4067
4082
4083
4087
4108
4109
4111
4115
4115
4116
4118
4126
4130
4133
4140
4154
4155
4157
4157
4159
4162
4164
4168
4171
4184
4194
4194
4196
4203
4205
4206
4217
4243
4251
4252
4254
4254
4258
4262
4263
4264
4269
4269
4270
4273
4279
4291
4291
4294
4311
4323
4338
4341
4356
4363
4364
4367
4369
4375
4386
4397
4404
4406
4407
4411
4416
4418
4420
4424
4425
4435
4436
4436
4439
4446
4452
4454
4456
4464
4469
4472
4474
4480
4492
4493
4494
4502
4511
4527
4530
4537
4538
4539
4541
4547
4556
4558
4563
4567
4590
4591
4594
4597
4605
4606
4610
4611
4613
4627
4630
4631
4639
4639
4651
4654
4661
4668
4668
4670
4678
4684
4687
4691
4700
4702
4703
4705
4706
4707
4717
4720
4723
4725
4733
4733
4736
4736
4743
4748
4754
4755
4755
4758
4760
4760
4764
4766
4768
4768
4768
4769
4775
4779
4784
4790
4792
4799
4801
4807
4815
4825
4827
4831
4834
4836
4840
4842
4858
4858
4862
4869
4875
4880
4900
4902
4904
4904
4905
4907
4907
4914
4917
4926
4942
4947
4948
4951
4956
4960
4963
4968
4974
4977
4980
4981
4990
