-3.8247290491650068
-3.739798376477532
-3.5737366287780925
-3.5257865423439636
-3.4469242789376686
-3.4306238320285867
-3.3892013906257037
-3.32827897022092
-3.2751836900799547
-3.269663435383311
-3.1811574852529336
-3.1147017078764234
-3.110834326887277
-3.023378689066151
-3.015707010063945
-2.9675156429769447
-2.9469594684521487
-2.9171647984066715
-2.9104510964199872
-2.9083356281467077
-2.899603971205523
-2.8686174701470266
-2.8562045872630577
-2.8518612388410043
-2.7821439738748577
-2.758965930908307
-2.7435161050598653
-2.7134974907325478
-2.704900705596849
-2.667189366862388
-2.6670896529526775
-2.665152835372328
-2.6525800816109073
-2.649599240910924
-2.638207000998462
-2.6224582175494757
-2.6199385754061244
-2.6124549812744196
-2.612284414063657
-2.611435668381728
-2.608102305967497
-2.6007719874200395
-2.595548108350304
-2.594098937137063
-2.5923449474155644
-2.5726617857043195
-2.569490783044936
-2.564716238015095
-2.5475068602733932
-2.547225084694594
-2.536690915618572
-2.534306225808159
-2.5259803869591773
-2.5241313883513077
-2.514052873477002
-2.5037930682479628
-2.5015271335407805
-2.4997243713012827
-2.497610204421036
-2.494745074743589
-2.489212830384798
-2.4885686979706843
-2.4860131478201146
-2.4743633156293923
-2.4555309802493026
-2.4454393307277864
-2.4452317334406226
-2.4395553377686654
-2.43944599050425
-2.4332426690111864
-2.4272189636635355
-2.425727676828649
-2.423320624578643
-2.4224007502063185
-2.418133597993684
-2.4053476252253034
-2.4038460532636607
-2.400824926833508
-2.3972300788014005
-2.3919999919147332
-2.3765542149810415
-2.3753752413428315
-2.3738304161573565
-2.370959915008221
-2.3705049487449585
-2.3667154785844584
-2.3559325233768003
-2.355631421773271
-2.352675453791084
-2.3488317673451555
-2.3484900523911403
-2.348347242753518
-2.3481479495653184
-2.3461658203790794
-2.3449636783801373
-2.3360837186651193
-2.3326367016387937
-2.3269348667006073
-2.324514813279114
-2.312211704507256
-2.303136928573251
-2.299415757456701
-2.294545475045508
-2.2849497924467967
-2.2808533771767756
-2.273163681623006
-2.2724805298679374
-2.269510637392438
-2.2681027518984216
-2.26644613830139
-2.2661811844704425
-2.265699635126396
-2.26201465477553
-2.259726682778395
-2.253178572695634
-2.2518889866592096
-2.2495670442376863
-2.244507887682638
-2.238591401977476
-2.2357876742698313
-2.2302285274023603
-2.2284458161095553
-2.222301701185471
-2.2220479659861256
-2.220645472251231
-2.219976962032005
-2.2179257131031505
-2.2164901324233166
-2.2156342629817094
-2.2120917312233437
-2.2093762628171443
-2.2067037494818673
-2.2002694891172885
-2.1994843374874318
-2.1980939222054405
-2.196982323705143
-2.1912332798422245
-2.190726299036869
-2.18921336483894
-2.185217010366154
-2.1844739306002916
-2.1802235356632624
-2.177542298326913
-2.1751526119997684
-2.1737749875366386
-2.172590118043251
-2.172096542623027
-2.1686605469525384
-2.1683070608331696
-2.162469242855305
-2.1621807293506077
-2.1621719738470806
-2.1601208912779604
-2.150299558379099
-2.146346455100563
-2.1461423907774306
-2.1459968020742815
-2.143379763815751
-2.138886369394951
-2.136706728099111
-2.132115561968576
-2.1294794512962794
-2.1288581226309238
-2.1285427363557656
-2.1262896199487487
-2.1258711529499648
-2.120191660220302
-2.1118679739843498
-2.10728939897976
-2.1065981990112825
-2.1057090374309473
-2.103923444654926
-2.1033449793809695
-2.0978020613073682
-2.0937239086785495
-2.0929623962020774
-2.0919720697243585
-2.0902794933129076
-2.086292816954462
-2.0860415913065258
-2.076348283278437
-2.0761832358391024
-2.0744734123840183
-2.069284900653064
-2.066845117980872
-2.0652691451703378
-2.0639336416929335
-2.059295231843424
-2.056226663130084
-2.0511056936931893
-2.0505489830169394
-2.0505116777781716
-2.050224238143318
-2.0497363904449655
-2.0437657902136586
-2.041910345678741
-2.041538898595947
-2.040663513723479
-2.0373276843508714
-2.0352443877437656
-2.0310003668219787
-2.030607989650716
-2.028550390681648
-2.0270167766817386
-2.0247159728117694
-2.0211389634692587
-2.0138451685763763
-2.008121604130754
-2.007686347446666
-2.006607493121471
-2.0026055996682146
-2.001317019980999
-2.000770441423678
-1.998426855048234
-1.9974949053596527
-1.9956558742198902
-1.992741123971578
-1.9923435303244728
-1.9923020502277393
-1.989785371821953
-1.9884476226988939
-1.988013994768811
-1.9874272401548303
-1.9873082642174902
-1.9872603757239478
-1.9838207493147193
-1.9826574776353485
-1.9824055384309738
-1.9816509269382603
-1.9678808483738701
-1.9649080531599223
-1.9648158607984971
-1.964327219126581
-1.961850669869805
-1.9602487174572845
-1.955025840467585
-1.954687407828234
-1.9527012406522049
-1.9495226738010984
-1.9494848554728126
-1.9475726348918314
-1.9468212066776025
-1.9466187228144265
-1.9421177013085074
-1.9417152265660027
-1.9394866857268045
-1.9391061934651976
-1.937892663803356
-1.934292127920149
-1.9336376504748165
-1.9323606282801251
-1.931871178902361
-1.9308552124297038
-1.9291034292412077
-1.928812777781097
-1.9267311095586164
-1.9263211462287417
-1.9261295888411025
-1.924747637483446
-1.9225906381871238
-1.921164337543085
-1.9207092717719827
-1.9195334107069588
-1.9192569651793843
-1.9185461719703787
-1.9166658542979194
-1.9160694910493425
-1.9150194742933289
-1.9111104990016823
-1.9080995525856008
-1.9052170046825676
-1.9037281076161554
-1.9036307640888566
-1.9023603302346566
-1.9010754804315253
-1.8995217536143973
-1.896780858677645
-1.8949982093591322
-1.8939413693009852
-1.8907416960800143
-1.8891235646830113
-1.8861396944738815
-1.8839191539897042
-1.8831179582960553
-1.872931589506101
-1.8727309199719702
-1.8719423879808081
-1.8708271597184987
-1.8698945439003654
-1.8695267486409368
-1.8654457990064939
-1.865207219927857
-1.8647870532884612
-1.8642990855077273
-1.8638278856578332
-1.8607085094400877
-1.8589677445017523
-1.8580634734608523
-1.8554176136269576
-1.8544837718903542
-1.8543809292748055
-1.8537131694914804
-1.850842753595056
-1.849254041438594
-1.8464578801749556
-1.8422119803277561
-1.8413547127251675
-1.8400412012742298
-1.8381682330574296
-1.8377891930156873
-1.8367481018687795
-1.836195941943808
-1.8348510292836624
-1.8343960648260265
-1.8311292575546931
-1.826737170963855
-1.8264169443504208
-1.8254224010421318
-1.8243559355217887
-1.8240638301956602
-1.8176422191343522
-1.8172809974927493
-1.8158682826759345
-1.8135434631268543
-1.812712577458063
-1.8125554186561816
-1.8109033033380337
-1.8105251923698318
-1.8091459291418428
-1.8070782403285204
-1.8050939397723735
-1.8033388610068346
-1.8032417298330334
-1.8028846507287322
-1.8021851193308485
-1.8020484505319248
-1.8014414322280592
-1.800853127901563
-1.8000640349806403
-1.7909246727378911
-1.7895874920469743
-1.7886541479270843
-1.7876432135515943
-1.7858627660751003
-1.7853063986420206
-1.7832829653143913
-1.7831595596826217
-1.7811831075473128
-1.781182080264999
-1.7795446028009714
-1.778986511770789
-1.7788708023778521
-1.7784884292747014
-1.7773764784152841
-1.7766379056242005
-1.7758280472558199
-1.77546849459093
-1.7687137803531325
-1.7681760490116203
-1.7681476954423179
-1.7671298256598955
-1.7645174143319584
-1.7639341393187848
-1.7632555193906188
-1.762613613268366
-1.762418823073871
-1.7591543031530512
-1.7590948072805133
-1.7582512570871012
-1.7570634001141898
-1.7536588033470237
-1.753346958147541
-1.7516864399234415
-1.7514070434133746
-1.75057324863607
-1.749773331898853
-1.7495819878984202
-1.7493089174607537
-1.7491414522546087
-1.747774842269548
-1.7462737705663394
-1.7461620084622889
-1.74505094448348
-1.742406054110185
-1.7407465883992153
-1.73965422073457
-1.7380347922547192
-1.7370851263953462
-1.737003919719907
-1.735231640162299
-1.734570590947391
-1.7340593848165948
-1.7334814963816203
-1.73224203846869
-1.728458985812691
-1.7265808285416726
-1.726548457445237
-1.7258333594890984
-1.7227196751167297
-1.7212207473328152
-1.7211631427225402
-1.7202074902867284
-1.719924696753734
-1.7190682466980662
-1.7189447413164725
-1.7182314483057999
-1.7168049694129022
-1.7145343482763937
-1.714439673962602
-1.7139153386423838
-1.7127660319582871
-1.712557929035498
-1.7124712282058718
-1.7097477617070662
-1.70938012788497
-1.7093526923044349
-1.7072845954862634
-1.7072446664362118
-1.7066498300258914
-1.705599918953508
-1.702103611378436
-1.7019113159884058
-1.7012795812404142
-1.6994368032652694
-1.6973992925838524
-1.6971438594133574
-1.6959572530541187
-1.6958581524510534
-1.6951645537839812
-1.69453744502978
-1.694165675546972
-1.6937197006089248
-1.6930286601251066
-1.69269590094442
-1.6915651039272463
-1.6890250337196515
-1.6878742951747379
-1.6876522953747681
-1.682902085450059
-1.6821051509979088
-1.6819378031997412
-1.6805842933115318
-1.6803960325523042
-1.6800329283322248
-1.6789390814702514
-1.676461390525452
-1.6760942431858024
-1.6757052577896003
-1.6741983682001262
-1.673958987660706
-1.6731522020395369
-1.6731165023897625
-1.6687832062536623
-1.6684791495837406
-1.6684187090672373
-1.6678399976953435
-1.6673980155414865
-1.6667377036631168
-1.6664807217053659
-1.6655496263213398
-1.664848726792721
-1.6648388144549748
-1.6646056789860093
-1.6632817599618253
-1.6628577419507489
-1.6623780663160581
-1.6623746619078652
-1.6623204458331748
-1.6609029780546245
-1.6598847875553946
-1.6596664089682451
-1.6591594259286746
-1.658779678417675
-1.6567476409540658
-1.6559206829776367
-1.655243090365449
-1.654946394788326
-1.6549016047890404
-1.6537906263965034
-1.6535723079009021
-1.6528724333085834
-1.650371016701483
-1.650037765553168
-1.6499727980401095
-1.647281449557296
-1.6426532118347663
-1.642533092335775
-1.642380578295959
-1.6419019607495386
-1.6410995196852165
-1.6393008127138093
-1.639267279426998
-1.6381281827639542
-1.6370110520764134
-1.6359759451337015
-1.6354527207041127
-1.635342746947084
-1.6353025416713753
-1.6350614531118257
-1.633007566670226
-1.632880985520351
-1.6320088891958826
-1.6316913053117859
-1.630593282735607
-1.629767599746816
-1.6291625107252183
-1.6288310818527603
-1.627315179664747
-1.6261909072336427
-1.6257217180391565
-1.6256420515134338
-1.6254123353503411
-1.6249394240800192
-1.622603918928678
-1.6216098665457666
-1.6212267537939717
-1.6210373320268465
-1.620624053638431
-1.6202730365869875
-1.6197870956591687
-1.619524624086521
-1.6191066231991489
-1.618986226027788
-1.6177660891745405
-1.617379095114283
-1.61536531355325
-1.6145629059989637
-1.613172823227981
-1.6111383787087945
-1.6102137517226376
-1.6096904759648036
-1.6095472561252333
-1.6088432306869307
-1.6085151617105706
-1.6074294318263829
-1.6066045646676486
-1.605852860296356
-1.6052807251808745
-1.604721112515129
-1.6039671617698923
-1.6027864198790918
-1.6024910245197714
-1.601178219142537
-1.600873975484343
-1.599450892025866
-1.5992584284779248
-1.599251321848659
-1.595254760243601
-1.5948981585572433
-1.5934011119081302
-1.5920318803955131
-1.589656371149337
-1.5892328720230766
-1.5882016558786696
-1.587763222550041
-1.586742732875253
-1.5866090637026062
-1.5862524036036632
-1.584212691491129
-1.5838085251696303
-1.5829877954986689
-1.5829414665649653
-1.5825782897356044
-1.582311827667972
-1.5819694427772166
-1.5814490034595696
-1.5811966621500637
-1.5806037382715785
-1.579547772046633
-1.5779445855745036
-1.577514400839044
-1.5771004914874684
-1.5757226931915096
-1.575336065986094
-1.5747518700693295
-1.5737848847469134
-1.5727324809465075
-1.5725943016243007
-1.5713190444828458
-1.5710656580884255
-1.5702443654380338
-1.5698056395534923
-1.5696934387892496
-1.569281188450304
-1.5684843403743454
-1.5684542306351708
-1.5668889572901856
-1.5666444526153105
-1.5662110895029473
-1.563056156923307
-1.5611572609950335
-1.5607477666391099
-1.5604795295975429
-1.5599795003547354
-1.5594774702830967
-1.5591651540912053
-1.5589374797818303
-1.558286083840974
-1.5581937748363577
-1.557031500423836
-1.5566322421076264
-1.5537915413622083
-1.5531929008237628
-1.5517951701325567
-1.550028116157342
-1.5477349983776403
-1.5476363951624699
-1.5449199255424089
-1.5447684076878303
-1.5432733156895044
-1.542219833570877
-1.5403601790053474
-1.540297976230817
-1.53877023221707
-1.5386684782873177
-1.5385811704039714
-1.5376917663229939
-1.5371646439666637
-1.5343774031801127
-1.5343356894853444
-1.5333826791362508
-1.5329373629747802
-1.5326162519997157
-1.531878716257083
-1.5296382451942927
-1.5284473496542077
-1.5276946329289975
-1.5269389387038894
-1.526763039038092
-1.524405878169607
-1.5239533032202741
-1.5217784420956426
-1.5215016750762835
-1.5212665377858408
-1.5201939719353486
-1.5198425825311812
-1.519797610156203
-1.51849303236186
-1.5179257641713646
-1.5169019323549735
-1.5161679789834237
-1.5160120012938558
-1.5152559149402915
-1.514638956516019
-1.5145535546928406
-1.5142568933959997
-1.5135114016722226
-1.5122096875561617
-1.512180957832953
-1.5113535403354783
-1.5105273492519713
-1.5104455087234232
-1.5089138081475728
-1.5065910873404083
-1.5057904778759663
-1.5056032695660275
-1.50447937741391
-1.5042844471920962
-1.5038987590656692
-1.503693995373966
-1.5033824117471224
-1.503368240685492
-1.5030650743539935
-1.5029883324917694
-1.5021948971282078
-1.5000282789449326
-1.4965080357269158
-1.4958807883272172
-1.4946505998335924
-1.4925431669074143
-1.4923645834002361
-1.4923626185854457
-1.491982468067795
-1.491137206985815
-1.4905334560043173
-1.490484228667664
-1.4868060382636479
-1.486710002729491
-1.4866847441882376
-1.4848729146057473
-1.4844160501316195
-1.4838008486975243
-1.482714451663796
-1.4821118584816688
-1.4810584039639987
-1.4805119458473028
-1.4804736466350708
-1.4778341087678937
-1.4777449886101912
-1.4775587676969708
-1.4769635661109712
-1.476623340263289
-1.4756789926370744
-1.4749742917949809
-1.4747341330921588
-1.473892937135057
-1.4730712525810816
-1.4729292981021016
-1.4726464945159348
-1.4726202181477817
