0.38558456869061136
0.6426816240107829
1.5117412446659444
1.4717892262935877
-1.0245836220653772
0.9769643460108666
-0.6712090725721219
0.9804956219866486
1.6596649179080494
-0.0952773748842048
0.37900895328591555
-1.1117027728661533
-0.06970766421989805
-0.25402835729534395
0.509965666827507
0.5863261111397229
0.24822611569958072
0.40275016761234467
0.5041853682500382
0.20336520955021992
0.1080635015974215
-1.4923626185854457
-1.0631687307089814
0.8298565025760117
-0.9236825885014732
0.5377588433453736
-0.8901851242972681
0.6038540267956376
-0.7711847344682069
1.4842961234801504
0.6769817657527106
-0.6157220277448285
1.7135249936969774
0.14659221075353268
0.2732336141085025
-1.316890809604092
0.6995072689311203
1.2197245012401696
0.24977563257955043
-0.3227929964249753
1.0802058470090765
0.6389620888349725
-1.0166171972385494
1.6577104712283761
-0.6983210657717078
-0.6199131089691751
1.37821333623737
1.1761377813004088
-0.547238896948359
-1.6655496263213398
2.7309529192112874
1.04766233539842
0.2128006985928004
0.1683054599468899
-0.3147496676565572
0.28799866815569714
1.411988091189923
0.08104139905842803
-0.07361701665784764
-0.4860918449730921
0.6854733428109208
-0.4697963020959892
-1.4251595208425643
0.7090166206627097
-0.827417233714719
1.947240634826716
-0.19827229214973457
0.4004715830808055
2.068078270617962
0.08768516451661892
-2.1844739306002916
-0.02328798310532711
-2.4555309802493026
0.6697281358079455
0.5468623080809434
1.042522586906011
0.37611518218994366
0.9603125213123502
-1.5198425825311812
-0.910285043743565
0.1145356328332274
-1.5581937748363577
-1.3739436185791774
0.9216561096353579
0.2019164939215036
-0.7443807458743482
-1.0016129696306664
-1.0045575412035377
1.6913111608336158
-2.265699635126396
0.3064827798314255
0.8834580499270439
-0.14712376557169574
-0.9082230700138234
0.38584455699809866
0.5707229417086356
-0.2923520012415636
1.4835099392005893
0.015710103329479037
-0.9367211521674244
-2.3765542149810415
0.09040557907351783
-0.7014721134012583
0.5844006732756114
0.37665058973685545
0.13189793753363824
0.013652753525685983
1.3811603880368684
-0.2079136578455443
1.1511018170584675
-2.3269348667006073
1.0759602615828974
-1.1122155617156972
-0.958258627598603
0.47104629635648093
1.4928585060054351
-0.4826940601890738
0.2386875164515889
-1.1897622964004968
0.05690948645205945
-0.13604524725935985
-0.19117945967430372
1.1657147440504314
-2.138886369394951
0.5215911074571324
1.4913259587874705
-1.3821325885992786
0.777475586131339
-0.005156976855667814
0.26622327593807593
-0.5614941689090808
-0.3279525342585162
0.4871669849987112
-1.1226910807586863
0.7803391243313843
0.09985630772157368
-1.7784884292747014
-0.9707521388133161
-1.3949499215921242
0.0748942223759679
-0.0643186885573279
1.9488211996119589
3.417848971751015
-1.178499513003149
1.3636379465958062
-0.016019603713910688
0.8798037612805748
-0.15475208097336254
0.6783844265320979
-0.7437920453008418
0.38527923999946173
-1.236087080700832
-0.2533135699422075
-0.055724750425918367
-0.8176732750890922
0.39544309913428777
-0.7017481753347438
-0.7145807255504505
2.0530927176900224
-1.7212207473328152
0.09743626177459355
0.7342976842132297
0.11191069252189396
0.08290045701802884
-0.36273013017044137
-1.6102137517226376
0.37076150502824634
0.17614554025955168
0.8149315385777547
1.980390015061962
1.230796004467876
-0.11958334690510883
-1.5038987590656692
0.5569108112794595
0.020061586763611847
1.0734526853897406
-1.0362134529148608
1.2322489171985767
1.2712092784717948
-1.9111104990016823
1.7634071044344999
0.08633634122539711
1.1317415986415478
-0.4548826628238125
-0.05375806534554423
1.0647201013246435
0.42626402753648945
-1.826737170963855
0.17245955586290093
0.44392460153816926
1.6467981952619173
-1.5212665377858408
0.26315343811715874
-1.4140484142649794
0.34974613365236235
-0.9937224901412113
-0.31325862556773265
-1.0601631313422157
0.3981444118585713
-1.8381682330574296
-0.8908194711500655
-1.2053583459649344
1.3393229180905897
0.11926328780495903
0.26328613915532467
-1.1051957779342656
-0.5726780504574114
-1.9192569651793843
-0.7518308526614825
0.7901983223886732
1.1601632606823986
0.2837960124292032
2.6342429714038156
-0.47551786958121844
2.058683464619319
1.5574215482524036
0.6304848123308197
-0.8973716296433282
-0.7392698729752388
1.5648713454061784
-0.4253789857379156
1.8331286406596594
0.35501602537225035
0.279521302533132
-0.8329221989230119
-0.17828852546592316
0.0742263135504828
0.2870628311006064
1.0255079068533641
-0.7759463886908623
0.8316707946325017
-1.1975300012896477
0.5444410718214592
0.3494503049422324
-0.6709017612699293
-0.1411778446164989
0.21353009072480442
-0.6792787761866091
-0.5253477102084182
0.6287526189801651
-0.9717115613834223
-1.9475726348918314
-0.6671780272815779
-0.8790143367996895
2.566816515067653
-2.348347242753518
-0.2811239457228396
-1.6096904759648036
0.02683085802117555
-0.3980742803873018
0.6879555686697848
-1.32829480375613
1.6867845492237685
-0.756218069527666
0.23853150302373802
1.3063866542767746
0.5641889023124098
0.5036139398750841
0.5169145501716297
0.8268941186526696
0.33897430587328314
-1.3941558805535805
-0.22636860840217887
0.13909349379207236
-0.7360245022862423
0.2224785007314497
-0.5184124478806166
0.6056206999519366
-0.6309717713493704
-0.4044234131216059
0.623619516642812
0.6677782125943669
0.19223580519098768
-0.02816606202687229
1.022519096240281
-1.280655373995825
0.29747682692713784
-0.41688934454594745
-0.2758715728643075
-1.617379095114283
-0.37852900149206103
0.2945775231667297
-1.4844160501316195
-1.73224203846869
-1.031321978159855
-0.8000143790362026
-1.5531929008237628
0.45973384516866933
0.49743959596033444
-1.223594146044435
-1.542219833570877
1.087813592429211
1.196907116839702
-1.291965275732662
-0.03135027306416692
0.33272296572044013
-0.5551343515063152
0.24177656032685135
0.4412334783423985
-0.269076419843153
-0.801712940030492
0.7903469180801371
0.5561860211483902
0.25215235259286223
-2.2661811844704425
-0.7076695047518827
0.9436008352501922
0.8452044626272457
-0.9665248070953659
0.6004157049966002
1.1637428450538043
-1.5179257641713646
0.6525088502282853
0.2629479597502248
1.7696011129398295
0.6932325231882766
0.514508207949538
0.32953010910430985
-1.75057324863607
2.7609937713113957
-1.931871178902361
0.013692031016859223
-0.514180996770272
-0.8088228819781436
-1.632880985520351
-0.7752554693596697
-0.10025145295375615
-0.018420880846588862
-1.0796240300464515
1.1983164630346208
0.5467918983071484
-2.3753752413428315
2.0809842473846114
-0.05076210509508201
-0.5251733444907923
-1.2801815354468202
-2.1288581226309238
0.759517032090082
-0.4030589783959779
0.5427502143512068
-0.7236755397833696
-0.24889261572993815
0.4904053278620934
1.073773161991155
-0.8809462209369819
-0.6103218620660544
-0.883587339513196
1.154851434913497
0.6099805146889322
-1.4923645834002361
1.1246957661350947
1.0074580159923068
-0.40389488670496226
-0.28542732942330856
1.506387149686454
-0.9204544884365321
0.7588490081876673
-0.8013998394880673
-0.8217011828754087
-0.6783849009023946
0.6016156330096855
0.5614367295963787
-1.4804736466350708
-0.4111881726938637
2.157597312336061
-1.261896233899643
0.5738783127789691
1.8173878743785976
-0.5469053280820967
-0.3354956522868795
0.13589645237185416
-0.759335542965974
0.5113512061121666
-1.5819694427772166
-0.8888417728061072
-0.44525058681043506
-0.835141392329654
0.6596609989402251
0.03875007600976847
1.4203999524455204
0.26647623368518947
0.9419465486917793
1.1387858136860844
0.279990392474226
0.6744166574778302
-0.3368165160305445
0.6632239660806464
1.1503061087196844
0.9523735999398916
-1.3407399323185074
0.3281941719088838
0.26393165448389366
0.19804156783619772
0.6935930434911702
-0.8914415552873521
-0.30840370645772447
-0.14478025350438503
0.13835348580764045
-1.127299060970953
0.31759700805453955
-0.5837487161269275
0.44938412904817937
1.1918107508267979
-1.2756017244398248
-0.8000143226497853
-0.5897568945952708
0.4964342045321961
0.45811247943649264
0.8035896920262847
-2.489212830384798
-1.8719423879808081
1.1677542028314618
0.9264432551475678
-1.438162139393185
-0.20684165904981222
-0.48425651375781076
-0.20653407354980208
0.5892835870917882
-0.15913846607455037
-0.3246507394231099
0.6047849885441938
-0.528967902057096
0.4572416615802211
1.1878717279816706
1.1270589708948089
-0.3902405119054038
1.0651593370020076
-0.5277185696047355
-1.4076219920046564
0.5078900223790606
-0.7813642247538204
-0.2807938486210129
-0.36088128401711095
1.249257004813033
-0.23761544773405402
0.9982295405053103
0.42488939262983705
0.3683809903875878
0.7511691586218019
-0.06844991586669649
0.616271262013893
-0.1127125719848205
0.3966984576115329
-0.08294838337242451
0.7379679073547881
0.9915227186877048
-0.19457349435456195
-1.618986226027788
-0.6471379305139953
-0.26403037179882954
1.008325837712127
-0.9259592779225957
1.3324196872586265
-0.6542232324498924
0.7673979131437908
0.7524262867648005
-0.9014804179432749
1.2948139677032293
0.9612733525342083
0.10098397215084874
1.1022768064107713
1.3433604598384348
0.5062550581711004
-0.6379080571633579
0.020555839664989833
0.8207458185232268
0.7265914507148697
-0.16920185251625364
-0.35519687502820574
1.371696607780565
-0.2654336641675011
0.3108986165305616
2.2757302045805448
0.2693903058838542
1.1597951535517623
0.5984518229435289
0.15911299253555658
-1.0880616375336103
0.5183150459428102
-0.11095877243828965
0.1160953190328044
0.9015656313057454
0.4604365710903713
-0.596024106388248
-0.28405156378839935
0.942742810854883
1.2809192509902048
-1.1420986970914921
-2.9083356281467077
1.209810229315115
-0.9572663366016414
0.3918454846337162
-0.7931850094552482
0.3043057938188125
0.12079251279125686
0.47960245631209
-0.36882319211258063
0.6737647940967953
0.9296480503093887
1.9234404975627557
0.2993730514475032
1.9081236479267158
-1.131402233505562
0.4416662814819893
-1.7265808285416726
-0.1654385444627695
0.4821030532841576
0.538843778213668
0.7477452214574555
-2.0437657902136586
0.5953325836875772
-0.5169984199250469
0.27909559704081904
1.0451043782259901
0.7959345815786479
-0.3612152107835582
-0.26979786901041797
0.19024447038077388
1.2980408782764097
-0.7213680230435724
-1.6646056789860093
-0.9586551237689828
-0.3094866026175812
-0.3512991498217498
-0.2751091866759023
-0.7786180529428706
1.1322774152268948
2.1071755244859496
0.826412878128012
0.40369121397307356
-0.6843560762853401
-0.09729847774608465
2.760386353671743
-0.3304105538791193
-0.16565497405419102
0.7409693755352805
0.17043551261761736
0.6864878929570982
0.5153157605029237
0.636798190546285
0.8991510162383032
-1.2010044230661339
-1.3963581254889246
-0.7338511695591388
-0.03658896347207516
-0.49944078892055327
2.0356161503403096
-0.47232986214777817
-0.7071922755878703
-2.6199385754061244
0.5540262657669442
-2.547225084694594
0.29922637694956405
1.2395745939415628
1.0921436946424603
0.9206750909394616
-2.3360837186651193
-0.10725177537310568
-0.8074047238924408
-0.019515425129870156
1.806202401781284
0.8508720012784253
0.5806276389293259
0.20943837684045208
-0.03106515869787381
0.29904629567059143
0.04809039507387765
-0.7391811189957125
-0.49982899880092874
0.07832412711405735
-0.09164781991561023
0.39657322972867004
0.408962526072706
0.6177053202679641
-1.1579021764374557
0.5613160713599984
-0.09073362065472848
-1.7853063986420206
1.293723942228594
3.3365431175483296
1.5679282943166344
-1.2849927385780984
-0.25371537400206395
-0.39936210389853055
0.21238932056212867
-0.15283015190508656
-0.06413087232061813
-1.6959572530541187
-1.232397159151504
-0.01983660327038785
0.09829998049179368
-0.6379097603414445
-1.402092197592691
-0.9345687102641079
-0.505383984978897
-0.5292016649706518
-0.11405509367534791
-0.4101066602769607
-0.9175991453127004
-0.1510757580695842
0.09682911461745887
-0.009032540009966289
-1.1987361444605975
0.5969764163908515
-0.5805688956718899
0.513213512908575
-1.0287490831044575
-0.16454527493305643
-0.2701251842167882
1.3446362769284361
2.1941672436125383
-0.6317884343020514
1.7710644482448588
-0.45951512653566773
1.0629081757092393
0.27526742586031205
0.11568606476340401
2.6011311527214334
0.8358371102404144
-1.4775587676969708
-0.3836013808670065
-1.2710483102067678
-0.5232063065091338
-0.08892871427712208
-0.7768800819270151
1.3295605038045488
-1.2554968427823927
0.5064413119422629
-0.7694183390829332
1.0502857183711756
0.6140867819189018
0.24734228873765385
0.34894650322221354
0.5032751759805283
-0.3396649359427691
-1.6678399976953435
0.14698497017451487
-1.087259955273987
2.0226811471465056
-0.22892434141276327
1.1568321481307755
2.243677579492748
-0.19548018662310393
-0.8254968632965486
-0.2781419553269237
-0.857952164444072
0.8018935251376341
-0.8058658954756597
0.7441074953991359
-0.6680869505861556
0.896635884503078
-0.2481685586825598
-0.8341976093517184
-1.6623204458331748
0.4990508409350081
-0.6324509604857282
2.333146779294885
-0.9597308079062663
0.7820097352800005
-0.07701446496876276
-1.3146207557924336
-0.2694001926721779
-0.29938328279207754
-1.6197870956591687
1.4017764384326592
2.042066663800147
-0.510876262413404
0.4407442788419313
1.5237493381908909
0.5321349963861514
0.5088010791851338
0.2670509095912149
0.5498352622828849
-0.4042778360844864
-1.1785643108803336
0.6924891032733561
0.2760124007959213
0.35146142137945385
-0.6069380129427178
-2.3481479495653184
-2.4395553377686654
1.227376187161113
-1.702103611378436
-1.0169867727744553
2.1941800141349077
0.05082262561303562
0.1542980901097288
0.24505969213608533
-0.34860762887651003
0.8190395607145965
0.9072585465207506
0.6461293255939685
-0.9377012874472854
-1.6628577419507489
-0.5074023501556189
0.07077860104832542
-0.14858111443531952
0.3867914643334536
0.030216890096625714
-1.3676534522756498
