2937
4760
2175
3601
4755
3097
1643
1461
99
3967
4109
1947
2782
520
2041
1200
3069
57
2715
1153
3296
283
302
4040
325
3002
149
4082
2615
3293
2401
3923
935
1430
3482
2587
725
4590
4111
4755
4875
1277
1522
2318
1680
235
1142
4406
4639
1167
1189
4706
4254
4364
1337
4948
3131
4206
218
3408
2361
3987
176
2913
3876
2096
2232
993
4205
4168
2901
1962
577
3969
1418
690
3947
450
3541
2080
4323
4164
4416
4951
4436
1416
3573
3561
4083
3512
2656
3744
3828
919
3864
2480
2831
3224
199
4691
4126
459
4425
4768
3816
1223
3175
4067
1157
3246
3231
1081
2282
4056
1329
3656
1543
1366
943
3009
421
62
55
2118
101
4115
695
4243
746
517
2404
550
313
1773
341
158
779
3426
3191
1157
2307
4610
4217
4171
1545
2207
1393
4530
2982
2527
2205
1123
2254
3097
176
4435
2923
3817
2161
889
3157
2031
1780
1601
2997
3464
2651
3239
3223
3269
4004
4036
4736
3064
1493
4386
374
1410
1846
1241
3278
164
2466
3725
390
3965
633
1827
3824
4661
0
3462
3040
102
4452
1294
665
1258
4404
705
1250
169
4723
3608
3056
4591
3502
3991
508
94
405
3150
4900
4606
447
2596
3419
1745
3459
384
1143
4338
4262
3112
3823
1130
1762
3539
2285
2648
4942
3078
3354
3391
1812
1788
2152
1447
685
3598
4480
2229
3604
3496
2580
1977
1556
3853
4799
1043
575
12
4269
2836
3448
2561
3837
2132
3539
3663
1938
4594
1890
4291
1301
2420
248
4748
1781
2559
3913
3204
283
3561
2396
2760
3322
1080
4668
1613
2374
4464
4511
4836
21
3467
247
4907
1920
350
1059
4956
2101
1962
361
1190
1024
2130
222
3636
790
4980
1058
2788
1404
4356
2390
1266
3334
2405
3219
3445
3311
1990
689
1386
4840
1352
1665
3196
2950
4907
1549
117
546
4977
419
3662
4627
257
2777
2210
3028
4707
886
1518
4130
2547
4029
918
2794
2764
2161
4651
1536
3708
4558
3834
1930
3086
4947
837
359
1906
1185
2998
548
118
2698
4842
2202
2125
4157
136
2598
2912
1943
4456
3207
285
4703
4904
1187
999
1409
3336
599
4779
293
1698
1689
3214
197
2000
3528
4538
2476
3113
4858
3303
799
1806
4108
3468
4974
1883
352
2702
2918
154
4264
336
223
121
2050
1203
3011
2352
1326
403
1505
1514
345
3438
800
4439
1885
4492
3433
2630
4157
740
3065
3119
4294
2412
4631
2054
85
2535
4880
1105
3706
4472
3679
964
537
4203
3544
3128
2161
988
1334
658
261
2070
2269
3241
4252
293
898
2476
2490
4639
4367
1934
4407
1994
3049
4196
1525
3946
4270
4469
908
1039
2973
1149
3563
853
4420
1630
3529
4038
4768
2075
8
2111
4547
1615
4968
1721
1307
2850
2105
1516
1987
2511
1304
1741
4537
4140
3549
2032
4194
3642
3073
339
1385
3609
213
3653
4720
468
583
1414
2295
343
4162
1299
3349
2084
1349
4717
2335
4154
1062
3638
3901
933
1948
2441
1986
4291
1562
4436
496
878
3000
4611
2400
2508
4541
2799
1875
3136
4556
4116
2051
2697
1259
334
842
3519
3353
3197
1892
696
1823
3121
4133
4784
649
4269
4705
2208
792
1168
984
1088
3851
3806
45
3150
4155
3643
4869
2104
1773
3316
2065
1847
2800
4424
4862
4670
939
4363
4011
548
401
2483
4539
1491
2236
3798
2438
3826
2072
4827
3066
4733
985
488
2897
835
3067
1168
4725
2520
942
3564
2894
3839
67
290
2808
4769
3026
3962
2273
2368
2710
3730
2816
1688
176
915
4960
4016
2903
550
4678
4914
4801
3368
3938
2117
3715
396
1867
808
2691
851
912
1949
4563
4654
210
3594
2955
4087
2955
1560
2075
592
2006
2201
3384
2224
4807
322
395
2485
4702
4630
3476
3850
828
2634
2975
3634
2634
2384
3928
805
1237
1772
1986
4754
4184
1159
3512
4279
2234
982
4011
2254
3765
1743
4263
804
3614
173
4493
2762
957
2955
1899
523
3353
361
2068
4454
2654
1654
4118
1855
1153
1516
4760
4700
2449
1716
1586
2542
3288
2396
3442
393
2107
1546
2448
3504
4758
553
3803
954
4502
1178
1767
3748
2374
4963
4766
3020
1913
3812
3817
1443
2333
1410
3443
4990
1540
680
4597
3723
251
2867
465
495
528
1033
3219
3221
4369
3026
1433
1621
2059
2337
2560
2077
4341
570
1997
3910
1700
408
1690
20
2625
2170
751
2758
4792
4494
3947
3306
477
493
2718
1301
3437
351
3036
4858
3445
2450
58
2170
4527
4768
3196
706
809
3106
803
2007
2156
3066
2891
4159
3078
1397
2596
1133
4251
2889
740
390
3681
3629
4418
3707
86
2180
2104
2335
291
1869
1164
2455
3635
2313
3199
3111
2084
814
2026
653
769
699
4254
179
749
2694
2968
4743
2612
4775
2077
1627
941
4902
2890
365
2193
2528
3652
3871
2295
52
4567
2900
1951
2559
3202
381
2643
1769
392
2079
540
1060
621
2527
634
3335
3587
88
4397
3996
1844
4981
3603
1464
2078
4736
2963
2252
3160
1693
4687
205
2753
1997
449
4790
3445
4831
2505
4474
1958
1843
1676
4411
1539
1829
3354
4446
180
3572
625
3521
806
4059
3377
141
3037
1458
403
4825
1253
90
1326
1852
1382
4605
993
1070
3239
340
3663
4926
3924
2906
2736
4194
1319
1765
2983
2676
1386
4815
2941
812
2364
2802
479
2765
3207
4917
2030
4905
621
762
1784
4733
54
8
2172
3459
2850
1769
4684
3754
181
4764
4053
839
4613
4273
1938
1113
1830
1651
1816
3482
368
2468
731
1995
3289
1348
4834
2342
2665
3078
4668
3321
2567
1553
107
1422
319
3942
4375
1724
4258
26
671
1093
65
2669
2612
1759
733
4904
1896
3434
2175
1297
3223
566
4115
1970
1934
4311
